-87.66635776892431 41.86930067729084 89.06494507677034 -87.66715923076923 41.86928253846153 88.3428126418689 45 45
-87.66715923076923 41.86928253846153 88.3428126418689 -87.6679926910299 41.86927172757475 89.28829539483694 45 45
-87.66894837837839 41.86926251351352 85.23818040163046 -87.66955186615188 41.86925918918919 89.90648090652482 30 40
-87.66955186615188 41.86925918918919 89.90648090652482 -87.67010249221183 41.86925619937695 89.87003433946768 40 45
-87.67010249221183 41.86925619937695 89.87003433946768 -87.67055093632958 41.86925616104869 90.45685687279233 45 45
-87.67255580246913 41.86925985185185 89.25427778947709 -87.6729510688836 41.869252945368174 89.39476654117068 45 45
-87.67394645308923 41.86923581235698 87.81796022979846 -87.67460328719723 41.869233529411765 87.54368108902395 45 45
-87.67460328719723 41.869233529411765 87.54368108902395 -87.67529964850614 41.86921495606327 88.12401952175594 45 45
-87.67529964850614 41.86921495606327 88.12401952175594 -87.67606069469836 41.8691878976234 90.58643139897092 45 45
-87.67606069469836 41.8691878976234 90.58643139897092 -87.67711195652173 41.8691556884058 88.65257658015767 45 60
-87.67711195652173 41.8691556884058 88.65257658015767 -87.67826252072969 41.869135870646765 88.42164628231224 60 60
-87.67826252072969 41.869135870646765 88.42164628231224 -87.67935479452053 41.86911481409002 88.94109896993658 60 60
-87.67935479452053 41.86911481409002 88.94109896993658 -87.68031608961304 41.869109103869654 88.61588185426291 60 45
-87.68031608961304 41.869109103869654 88.61588185426291 -87.68140926243568 41.86908389365351 87.72942606217426 45 45
-87.68140926243568 41.86908389365351 87.72942606217426 -87.68244771480803 41.86905683729434 88.34817674524032 45 45
-87.68244771480803 41.86905683729434 88.34817674524032 -87.68337957446808 41.869040617021284 89.21653986459953 45 40
-87.68337957446808 41.869040617021284 89.21653986459953 -87.68425872340424 41.869036851063825 89.11116654220744 40 40
-87.68425872340424 41.869036851063825 89.11116654220744 -87.68495299401198 41.869028802395206 90.15861637048653 40 30
-87.68495299401198 41.869028802395206 90.15861637048653 -87.68548242677825 41.86901748953975 89.27850350405208 30 30
-87.68548242677825 41.86901748953975 89.27850350405208 -87.685699009901 41.86902633663367 114.69563739072116 30 30
-87.685699009901 41.86902633663367 114.69563739072116 -87.68597411764708 41.86923114705883 173.71917878319283 30 27
-87.68597411764708 41.86923114705883 173.71917878319283 -87.68600550239235 41.869778253588514 177.7803216165723 27 44
-87.68600550239235 41.869778253588514 177.7803216165723 -87.6860362030905 41.87035408388521 178.85041717453885 44 51
-87.6860362030905 41.87035408388521 178.85041717453885 -87.68605698689956 41.870949934497816 178.14811827168157 51 49
-87.68605698689956 41.870949934497816 178.14811827168157 -87.6860899799599 41.87157827655311 177.88795479430715 49 49
-87.6860899799599 41.87157827655311 177.88795479430715 -87.68610792682925 41.87221223577236 178.98976843873174 49 51
-87.68610792682925 41.87221223577236 178.98976843873174 -87.68611887550199 41.872851184738956 178.9618571145933 51 51
-87.68611887550199 41.872851184738956 178.9618571145933 -87.68613224043717 41.873416830601094 179.34157280290034 51 45
-87.68613224043717 41.873416830601094 179.34157280290034 -87.686139 41.8736978 -150.9487081376208 45 33
-87.686139 41.8736978 -150.9487081376208 -87.68559983361065 41.873895440931776 -93.40625991618028 33 45
-87.68559983361065 41.873895440931776 -93.40625991618028 -87.68445616641901 41.87391838038633 -90.6703828945383 45 45
-87.68445616641901 41.87391838038633 -90.6703828945383 -87.68323496835443 41.87393454113924 -91.12436843318008 45 45
-87.68323496835443 41.87393454113924 -91.12436843318008 -87.68202268041237 41.87394857142857 -90.95364124847313 45 45
-87.68202268041237 41.87394857142857 -90.95364124847313 -87.68085421303657 41.87397136724961 -91.75957835451032 45 45
-87.68085421303657 41.87397136724961 -91.75957835451032 -87.67965977564103 41.87399211538461 -91.04300232332517 45 60
-87.67965977564103 41.87399211538461 -91.04300232332517 -87.67839728571428 41.87400967142857 -90.95442565495287 60 60
-87.67839728571428 41.87400967142857 -90.95442565495287 -87.67719796610169 41.87401588135594 -85.08165948059502 60 45
-87.67719796610169 41.87401588135594 -85.08165948059502 -87.67657888888888 41.873954888888896 -27.707245647277926 45 30
-87.67657888888888 41.873954888888896 -27.707245647277926 -87.67643737024224 41.87366802768166 -3.6763547114787505 30 36
-87.67643737024224 41.87366802768166 -3.6763547114787505 -87.67640114155253 41.873138059360734 -2.9213195066021753 36 43
-87.67145127436282 41.87154218890555 -90.9782227812799 -87.67069415481834 41.8715528436019 -90.49109655789606 45 45
-87.67069415481834 41.8715528436019 -90.49109655789606 -87.67005736137668 41.87155346080305 -92.39720862301863 45 45
-87.66919612903226 41.87154658064516 -27.320952504170585 -87.66902395543174 41.87142504178273 -1.886805635024009 30 34
-87.66902395543174 41.87142504178273 -1.886805635024009 -87.66901042016806 41.871058050420174 -2.93826747772639 34 43
-87.66901042016806 41.871058050420174 -2.93826747772639 -87.66898890876566 41.87065169946333 -2.2294932856769534 43 49
-87.66898890876566 41.87065169946333 -2.2294932856769534 -87.66897182835821 41.87026231343283 -1.0359438373435108 49 51
-87.66897182835821 41.87026231343283 -1.0359438373435108 -87.66896204238921 41.86988572254336 -0.5356933278529952 51 47
-87.66896204238921 41.86988572254336 -0.5356933278529952 -87.66895129224652 41.86952602385686 -0.8134003823226237 47 39
-87.66895129224652 41.86952602385686 -0.8134003823226237 -87.66893865979381 41.86908386597938 -2.3876985945098714 39 31
-87.66893865979381 41.86908386597938 -2.3876985945098714 -87.66891971830987 41.868653661971834 -1.3498183136115114 31 45
-87.66891971830987 41.868653661971834 -1.3498183136115114 -87.66890408921932 41.868178550185874 -1.1609915343101498 45 53
-87.66890408921932 41.868178550185874 -1.1609915343101498 -87.668890625 41.86769597222222 -0.6856262718464211 53 53
-87.668890625 41.86769597222222 -0.6856262718464211 -87.66888873239436 41.86721672535211 -4.049911984367029 53 41
-87.66860000000001 41.86679896797153 -85.5512723713926 -87.66785140186914 41.86679 -90.67726143419154 45 45
-87.66785140186914 41.86679 -90.67726143419154 -87.66695447570333 41.866797340153454 -91.03133843618613 45 45
-87.66695447570333 41.866797340153454 -91.03133843618613 -87.66595840000001 41.86680232 -91.710440573413 45 45
-87.66595840000001 41.86680232 -91.710440573413 -87.66485338164252 41.86682246376812 -91.30935549806773 45 60
-87.66485338164252 41.86682246376812 -91.30935549806773 -87.66364623115577 41.866843216080404 -91.40534351107031 60 60
-87.66364623115577 41.866843216080404 -91.40534351107031 -87.66239450800914 41.866862219679625 -91.13579252626606 60 60
-87.66239450800914 41.866862219679625 -91.13579252626606 -87.66109885583523 41.86688707093821 -91.3440587246708 60 60
-87.66109885583523 41.86688707093821 -91.3440587246708 -87.65980451467269 41.866906726862304 -91.27023380722608 60 60
-87.65980451467269 41.866906726862304 -91.27023380722608 -87.6584550420168 41.86692861344538 -91.21365608675141 60 60
-87.6584550420168 41.86692861344538 -91.21365608675141 -87.65703875000001 41.866953583333334 -91.55314814330971 60 60
-87.65703875000001 41.866953583333334 -91.55314814330971 -87.65573448275862 41.866977093596056 -91.01160217757717 60 60
-87.65573448275862 41.866977093596056 -91.01160217757717 -87.65454566744731 41.86699379391101 -91.51362354380394 60 60
-87.65454566744731 41.86699379391101 -91.51362354380394 -87.65339640102827 41.86701699228792 -91.54545136666714 60 45
-87.65339640102827 41.86701699228792 -91.54545136666714 -87.65239417475729 41.867034174757286 -91.01596013856283 45 45
-87.65239417475729 41.867034174757286 -91.01596013856283 -87.65157619047618 41.86705623376624 -92.81550075843272 45 45
-87.65157619047618 41.86705623376624 -92.81550075843272 -87.65133499999999 41.86706625 -114.81488898876059 45 30
-87.65133499999999 41.86706625 -114.81488898876059 -87.65095717131473 41.86746880478088 179.4568020773358 30 37
-87.65095717131473 41.86746880478088 179.4568020773358 -87.65098529411765 41.86824747058823 178.53960726815205 37 48
-87.65098529411765 41.86824747058823 178.53960726815205 -87.65101581027669 41.869013122529644 178.33213110079004 48 45
-87.65101581027669 41.869013122529644 178.33213110079004 -87.65041067285384 41.86948703016242 -92.12832645477641 45 45
-87.65041067285384 41.86948703016242 -92.12832645477641 -87.64908554778555 41.86949773892774 -90.5712833325552 45 45
-87.64908554778555 41.86949773892774 -90.5712833325552 -87.64782787878788 41.86952818181818 -89.74780495841901 45 40
-87.64389117647058 41.87813764705883 -0.21482582180556936 -87.64390303030302 41.87742484848485 -0.2124299794516164 51 54
-87.64390303030302 41.87742484848485 -0.2124299794516164 -87.64383870967741 41.87676419354838 -0.3441815597766082 54 56
-87.64383870967741 41.87676419354838 -0.3441815597766082 -87.6438222222222 41.87614555555555 0.0068738808145929345 56 59
-87.6438222222222 41.87614555555555 0.0068738808145929345 -87.64380333333332 41.875540666666666 1.8066376911408817 59 67
-87.64380333333332 41.875540666666666 1.8066376911408817 -87.6438575 41.87486225 2.5243686729821477 67 53
-87.6438575 41.87486225 2.5243686729821477 -87.64410543478262 41.87437 89.40329965902599 53 45
-87.64410543478262 41.87437 89.40329965902599 -87.64525272727273 41.87435872727272 89.13593316241355 45 45
-87.64525272727273 41.87435872727272 89.13593316241355 -87.64643486238532 41.874346422018355 85.86638550397863 45 45
-87.64771715976332 41.87440887573965 96.82757410028256 -87.64897865168538 41.874452752808985 88.75538716643906 45 45
-87.64897865168538 41.874452752808985 88.75538716643906 -87.65031271676301 41.87443687861272 89.25774603510034 45 45
-87.65031271676301 41.87443687861272 89.25774603510034 -87.65164484536082 41.8744256185567 88.56861728120067 45 45
-87.65164484536082 41.8744256185567 88.56861728120067 -87.65298324873096 41.87439878172589 88.58173537585947 45 45
-87.65298324873096 41.87439878172589 88.58173537585947 -87.65434401913876 41.87437358851675 88.7130977426291 45 60
-87.65434401913876 41.87437358851675 88.7130977426291 -87.655703902439 41.874351121951214 88.78702041570726 60 45
-87.655703902439 41.874351121951214 88.78702041570726 -87.65699484848484 41.874342181818186 88.64091733666297 45 45
-87.65699484848484 41.874342181818186 88.64091733666297 -87.6583625 41.87431158333333 88.42559475858283 45 45
-87.6583625 41.87431158333333 88.42559475858283 -87.65970236686391 41.874286893491124 88.64385881182415 45 60
-87.65970236686391 41.874286893491124 88.64385881182415 -87.66100199999998 41.874263657142855 88.6229582258358 60 60
-87.66100199999998 41.874263657142855 88.6229582258358 -87.66230623229461 41.874239745042495 88.79615133670782 60 45
-87.66230623229461 41.874239745042495 88.79615133670782 -87.66361339285714 41.874232886904764 90.81624194446061 45 60
-87.66361339285714 41.874232886904764 90.81624194446061 -87.66480707070706 41.874248619528615 90.53319966583118 60 60
-87.66480707070706 41.874248619528615 90.53319966583118 -87.66580313725488 41.874244000000004 88.790237694043 60 45
-87.66580313725488 41.874244000000004 88.790237694043 -87.66660684931504 41.87423826484018 86.55655879439666 45 40
-87.66660684931504 41.87423826484018 86.55655879439666 -87.66724696969695 41.87421126262626 85.0890014617527 40 45
-87.66724696969695 41.87421126262626 85.0890014617527 -87.6677941860465 41.87416104651163 84.93203247994745 45 45
-87.668300625 41.87416225 89.468460808366 -87.66872542372882 41.8741593220339 96.40846601196341 45 45
-87.66908671328672 41.873851888111886 -0.2161554619043075 -87.66907901234568 41.87347333333333 -0.05015053183910922 35 43
-87.668987 41.872710399999995 1.0581218241696717 -87.66891587301588 41.87233984126985 1.0065771274934718 37 46
-87.64685569620252 41.86967936708861 -179.56528625175093 -87.64687558139536 41.87054395348837 178.84568004464492 49 49
-87.64687558139536 41.87054395348837 178.84568004464492 -87.64688586956522 41.87143228260869 178.21968875967207 49 45
-87.64688586956522 41.87143228260869 178.21968875967207 -87.64691926605502 41.872284862385314 178.35129444557947 45 45
-87.64691926605502 41.872284862385314 178.35129444557947 -87.64696545454547 41.87311227272726 175.6664833815944 45 49
-87.64696545454547 41.87311227272726 175.6664833815944 -87.64704594594595 41.87382594594594 177.46013581190533 49 45
-87.64704594594595 41.87382594594594 177.46013581190533 -87.64707777777778 41.87414259259259 144.62309999061176 45 32
-87.64707777777778 41.87414259259259 144.62309999061176 -87.64771715976332 41.87440887573965 96.82757410028256 32 45
-87.65699484848484 41.874342181818186 88.64091733666297 -87.65684285714285 41.873867142857144 -1.3995394611412597 45 26
-87.65684285714285 41.873867142857144 -1.3995394611412597 -87.65682222222222 41.87296 -0.9050630732927941 26 31
-87.65682222222222 41.87296 -0.9050630732927941 -87.6568 41.871984000000005 -0.4408144730569742 31 27
-87.6568 41.871984000000005 -0.4408144730569742 -87.6568 41.8709925 -2.452329084212484 27 41
-87.6568 41.8709925 -2.452329084212484 -87.65674 41.870059000000005 -6.00719997148912 41 37
-87.65694090909092 41.86940295454545 -117.03849818146416 -87.6555375 41.869346875000005 -91.97468901194958 30 30
-87.6555375 41.869346875000005 -91.97468901194958 -87.6540923076923 41.86937153846155 -91.64653782317072 30 30
-87.6540923076923 41.86937153846155 -91.64653782317072 -87.65288333333332 41.86937833333333 -89.68151288562736 30 45
-87.65288333333332 41.86937833333333 -89.68151288562736 -87.65186666666666 41.86938888888889 -77.49892059062044 45 30
-87.65186666666666 41.86938888888889 -77.49892059062044 -87.65117777777778 41.86917222222222 2.9436155549009273 30 30
-87.65117777777778 41.86917222222222 2.9436155549009273 -87.65128947368423 41.86847789473684 -1.149802612611197 30 43
-87.65128947368423 41.86847789473684 -1.149802612611197 -87.65110000000001 41.86767523809524 -2.6429017268761097 43 42
-87.64702515243904 41.86926724085366 -3.3497020417825736 -87.64700043103448 41.86847347701149 -0.43796412252478367 43 47
-87.64700043103448 41.86847347701149 -0.43796412252478367 -87.64699065550909 41.86769230125523 2.7366121059437583 47 41
-87.64699065550909 41.86769230125523 2.7366121059437583 -87.64747051509771 41.867215683836584 85.6887778291499 41 40
-87.64747051509771 41.867215683836584 85.6887778291499 -87.64845354938271 41.8671924382716 88.7195461463435 40 45
-87.64845354938271 41.8671924382716 88.7195461463435 -87.64950875912407 41.86717731386861 89.04707115553104 45 45
-87.64950875912407 41.86717731386861 89.04707115553104 -87.65055148205929 41.867154680187205 91.60076540950891 45 45
-87.65055148205929 41.867154680187205 91.60076540950891 -87.65150481770836 41.867139257812504 89.98505424966505 45 45
-87.65150481770836 41.867139257812504 89.98505424966505 -87.65245207166853 41.86712939529676 88.94286831131491 45 45
-87.65245207166853 41.86712939529676 88.94286831131491 -87.65346641711231 41.86711605347593 88.96751251782784 45 45
-87.65346641711231 41.86711605347593 88.96751251782784 -87.65445253164557 41.8670988607595 88.30269623527974 45 46
-87.65445253164557 41.8670988607595 88.30269623527974 -87.65541336459556 41.86707915592028 88.45853852609088 46 60
-87.65541336459556 41.86707915592028 88.45853852609088 -87.65627696969698 41.86706225757576 88.94736307756385 60 45
-87.65627696969698 41.86706225757576 88.94736307756385 -87.65733108614232 41.86704443820225 88.77354863449273 45 60
-87.65733108614232 41.86704443820225 88.77354863449273 -87.6584376012966 41.86702722852512 88.8229356257812 60 60
-87.6584376012966 41.86702722852512 88.8229356257812 -87.65965048543688 41.867009271844665 88.73098775914674 60 60
-87.65965048543688 41.867009271844665 88.73098775914674 -87.66089384164222 41.866988313783 88.97828651456149 60 60
-87.66089384164222 41.866988313783 88.97828651456149 -87.66214939393939 41.86697221212121 88.81535208731528 60 60
-87.66214939393939 41.86697221212121 88.81535208731528 -87.66341095305832 41.866952318634425 88.63903701358913 60 60
-87.66341095305832 41.866952318634425 88.63903701358913 -87.66470405027933 41.86693018156425 88.96913241332317 60 60
-87.66470405027933 41.86693018156425 88.96913241332317 -87.66601659863944 41.86692008163266 90.00679855302037 60 45
-87.66601659863944 41.86692008163266 90.00679855302037 -87.66719797395079 41.8669199276411 90.35975900778774 45 45
-87.66719797395079 41.8669199276411 90.35975900778774 -87.66822893890675 41.86692776527332 94.61548562994898 45 45
-87.66822893890675 41.86692776527332 94.61548562994898 -87.66887892234548 41.867278906497624 176.8703263192449 45 35
-87.66887892234548 41.867278906497624 176.8703263192449 -87.66890277324633 41.86802513866232 178.66069166183564 35 49
-87.66890277324633 41.86802513866232 178.66069166183564 -87.6689224328594 41.86875935229068 176.1113039903007 49 47
-87.67135937500001 41.869175 57.43791439118389 -87.67163562005277 41.869202216358836 89.3242869129916 24 30
-87.67354371584699 41.86947606557377 175.17386357210728 -87.6735482051282 41.869870666666664 177.268148983669 27 35
-87.6735482051282 41.869870666666664 177.268148983669 -87.67357902439026 41.87027156097561 178.0552506037695 35 40
-87.67357902439026 41.87027156097561 178.0552506037695 -87.67357815533981 41.870689611650484 178.0937866348896 40 39
-87.67357815533981 41.870689611650484 178.0937866348896 -87.67361732283466 41.87106330708663 175.04972588825325 39 34
-87.67126046511626 41.869281860465115 169.20529000352985 -87.67132962962962 41.86966092592593 -174.41797743996426 22 28
-87.67132962962962 41.86966092592593 -174.41797743996426 -87.67136 41.869729 164.77429291907288 28 33
-87.67136 41.869729 164.77429291907288 -87.6714364864865 41.870176756756756 -179.5797920245938 33 36
-87.6714364864865 41.870176756756756 -179.5797920245938 -87.67142222222222 41.87067296296296 177.03296631550157 36 37
-87.67142222222222 41.87067296296296 177.03296631550157 -87.67140999999998 41.871241666666656 176.1285810365695 37 34
-87.67140999999998 41.871241666666656 176.1285810365695 -87.67152727272725 41.87114272727273 -149.34456583734877 34 42
-87.67152727272725 41.87114272727273 -149.34456583734877 -87.67145127436282 41.87154218890555 -90.9782227812799 42 45
-87.67005736137668 41.87155346080305 -92.39720862301863 -87.66953377049181 41.87156829508197 -93.39790494679261 45 45
-87.66903333333332 41.87155361111111 -100.23148934080183 -87.66832448979592 41.87164346938776 -93.70602438069949 30 45
-87.66832448979592 41.87164346938776 -93.70602438069949 -87.66757799999999 41.8716624 -87.77987808670309 45 45
-87.66757799999999 41.8716624 -87.77987808670309 -87.66698421052632 41.871593684210524 -85.84103424614658 45 39
-87.66698421052632 41.871593684210524 -85.84103424614658 -87.66686428571427 41.87164142857143 -109.79279178628245 39 35
-87.66686428571427 41.87164142857143 -109.79279178628245 -87.66637857142857 41.871447448979595 -179.09121457457914 35 47
-87.66641260504201 41.872227563025206 179.29966594797258 -87.66643124999999 41.872962321428574 176.9459194350439 43 49
-87.66643124999999 41.872962321428574 176.9459194350439 -87.6664962962963 41.87364407407407 177.79825471137855 49 43
-87.6664962962963 41.87364407407407 177.79825471137855 -87.66654000000001 41.87395733333333 -138.24793595499463 43 36
-87.66654000000001 41.87395733333333 -138.24793595499463 -87.666595 41.8738165 -101.18153678606677 36 59
-87.666595 41.8738165 -101.18153678606677 -87.66639024390244 41.87418682926828 -91.80988439305254 59 45
-87.66639024390244 41.87418682926828 -91.80988439305254 -87.66564715447154 41.874173739837396 -90.12830072337132 45 45
-87.66564715447154 41.874173739837396 -90.12830072337132 -87.66475777027027 41.87417047297297 -88.39196358182156 45 60
-87.66475777027027 41.87417047297297 -88.39196358182156 -87.6636981762918 41.87414747720364 -88.77961898831597 60 60
-87.6636981762918 41.87414747720364 -88.77961898831597 -87.66254593175853 41.874139816272965 -91.04640348521049 60 60
-87.66254593175853 41.874139816272965 -91.04640348521049 -87.66128302872065 41.87415994778068 -91.13690099316061 60 60
-87.66128302872065 41.87415994778068 -91.13690099316061 -87.66000935064936 41.874176363636366 -90.72141285112228 60 60
-87.66000935064936 41.874176363636366 -90.72141285112228 -87.65874273743017 41.87418840782122 -90.76669306140344 60 60
-87.65874273743017 41.87418840782122 -90.76669306140344 -87.65759886039885 41.874200085470086 -91.05163490936395 60 45
-87.65759886039885 41.874200085470086 -91.05163490936395 -87.65641198044011 41.874203997555014 -96.0740565212399 45 45
-87.65641198044011 41.874203997555014 -96.0740565212399 -87.65550940170941 41.87423435897436 -91.56415598900325 45 45
-87.65550940170941 41.87423435897436 -91.56415598900325 -87.65450522613065 41.8742552160804 -91.3687970219239 45 60
-87.65450522613065 41.8742552160804 -91.3687970219239 -87.65335266968326 41.87427485067874 -91.20090003805349 60 47
-87.65335266968326 41.87427485067874 -91.20090003805349 -87.65218243761996 41.87429108445298 -91.23078548023872 47 45
-87.65218243761996 41.87429108445298 -91.23078548023872 -87.65099474835887 41.87431864332604 -91.34331635181857 45 45
-87.65099474835887 41.87431864332604 -91.34331635181857 -87.64994695121952 41.87433482926829 -91.42280424096084 45 45
-87.64994695121952 41.87433482926829 -91.42280424096084 -87.64904205607476 41.874353130841115 -91.35011772685745 45 45
-87.64904205607476 41.874353130841115 -91.35011772685745 -87.64829616055847 41.87435178010471 -84.66075663185421 45 45
-87.64829616055847 41.87435178010471 -84.66075663185421 -87.64770681818182 41.8743003125 -81.89954444982541 45 45
-87.64684482758622 41.86696068965518 -179.35020279686537 -87.64682343749999 41.86781140625 179.8392793011625 45 49
-87.64682343749999 41.86781140625 179.8392793011625 -87.64681739130435 41.86871275362318 179.71683873958943 49 51
-87.64681739130435 41.86871275362318 179.71683873958943 -87.64685569620252 41.86967936708861 -179.56528625175093 51 49
-87.67640114155253 41.873138059360734 -2.9213195066021753 -87.67636633906633 41.872483562653564 -3.3689771255247547 43 50
-87.67636633906633 41.872483562653564 -3.3689771255247547 -87.67630063694267 41.871929267515924 -3.814556870411708 50 49
-87.67630063694267 41.871929267515924 -3.814556870411708 -87.67628989898989 41.87162141414141 -30.47053192230535 49 39
-87.67628989898989 41.87162141414141 -30.47053192230535 -87.675919375 41.87146921875 -83.016767220935 39 23
-87.675919375 41.87146921875 -83.016767220935 -87.67584532577904 41.87143671388102 -95.93471643526881 23 30
-87.67584532577904 41.87143671388102 -95.93471643526881 -87.6750846975089 41.871465444839856 -93.2258480889209 30 45
-87.6750846975089 41.871465444839856 -93.2258480889209 -87.67429999999999 41.87150279116466 -91.82535385537439 45 45
-87.67429999999999 41.87150279116466 -91.82535385537439 -87.67363091976517 41.87150088062622 -94.49060664767107 45 30
-87.67300052539404 41.87152383537653 -92.7157285902874 -87.67224378531074 41.87154285310735 -90.21367986966798 45 45
-87.67224378531074 41.87154285310735 -90.21367986966798 -87.67145127436282 41.87154218890555 -90.9782227812799 45 45
-87.66903333333332 41.87155361111111 -100.23148934080183 -87.66902395543174 41.87142504178273 -1.886805635024009 30 34
-87.66825871559632 41.86920639143731 -90.64550830211881 -87.66706200607902 41.86921136778115 -90.66342674784674 45 45
-87.6689224328594 41.86875935229068 176.1113039903007 -87.6689551948052 41.86922266233766 110.09360807019084 47 26
-87.6729510688836 41.869252945368174 89.39476654117068 -87.67335319148937 41.869094042553186 120.86082851786786 45 31
-87.67145127436282 41.87154218890555 -90.9782227812799 -87.67061176470588 41.87112764705882 -94.71574001336715 45 45
-87.67061176470588 41.87112764705882 -94.71574001336715 -87.67005736137668 41.87155346080305 -92.39720862301863 45 45
-87.64685652173912 41.86589359683795 -2.00081862866427 -87.64681632653061 41.86513659863945 -2.1279411515959517 35 31
-87.64681632653061 41.86513659863945 -2.1279411515959517 -87.64678641114983 41.86436226480836 -0.9204126365907784 31 39
-87.64678641114983 41.86436226480836 -0.9204126365907784 -87.64677152542374 41.86360833898305 -0.8935649822360232 39 44
-87.64677152542374 41.86360833898305 -0.8935649822360232 -87.64674564459932 41.86287662020906 1.0635759017307094 44 43
-87.64674564459932 41.86287662020906 1.0635759017307094 -87.64678200000002 41.862469000000004 58.29106549229124 43 29
-87.64678200000002 41.862469000000004 58.29106549229124 -87.64695 41.86237465909091 89.86076458810432 29 23
-87.64695 41.86237465909091 89.86076458810432 -87.64740963855422 41.86239457831326 88.05540589426784 23 40
-87.64740963855422 41.86239457831326 88.05540589426784 -87.64797037037036 41.862366931216926 87.5380431997224 40 45
-87.64797037037036 41.862366931216926 87.5380431997224 -87.64850606060607 41.86235951515152 88.00809742898355 45 40
-87.64850606060607 41.86235951515152 88.00809742898355 -87.64905108695652 41.86234190217392 87.71347008372723 40 30
-87.64905108695652 41.86234190217392 87.71347008372723 -87.64965310734463 41.86233163841808 88.27523435492229 30 45
-87.64965310734463 41.86233163841808 88.27523435492229 -87.65023169398907 41.862313278688525 88.34159442329036 45 45
-87.65082769784173 41.86264215827338 175.76328428756653 -87.65087183544301 41.86332971518988 177.8349621564504 33 35
-87.65087183544301 41.86332971518988 177.8349621564504 -87.6508940860215 41.86405064516129 178.8711062280679 35 37
-87.6508940860215 41.86405064516129 178.8711062280679 -87.65091097256858 41.864802942643394 178.57778649464606 37 34
-87.65091097256858 41.864802942643394 178.57778649464606 -87.65094669703872 41.86563767653759 178.6962017487392 34 47
-87.65094669703872 41.86563767653759 178.6962017487392 -87.65097768052516 41.866530196936544 175.31124170259704 47 45
-87.65097768052516 41.866530196936544 175.31124170259704 -87.65055148205929 41.867154680187205 91.60076540950891 45 45
-87.65627696969698 41.86706225757576 88.94736307756385 -87.65638827586206 41.867063241379306 124.40130561249016 45 30
-87.65638827586206 41.867063241379306 124.40130561249016 -87.65664962518741 41.8676467916042 177.93828467063537 30 41
-87.65664962518741 41.8676467916042 177.93828467063537 -87.65668534743202 41.86870732628399 179.5297217514085 41 47
-87.65670244988864 41.86976194877506 178.80451869054053 -87.65673500522465 41.870728328108676 178.90453578692004 41 47
-87.65673500522465 41.870728328108676 178.90453578692004 -87.65675338809034 41.871709178644764 -178.93881183452712 47 43
-87.65675338809034 41.871709178644764 -178.93881183452712 -87.6567066739606 41.872671936542666 -177.7144951650866 43 41
-87.6567066739606 41.872671936542666 -177.7144951650866 -87.65668217054264 41.87360598006645 -178.72780282751356 41 43
-87.65668217054264 41.87360598006645 -178.72780282751356 -87.65641198044011 41.874203997555014 -96.0740565212399 43 45
-87.66226061643835 41.86932335616439 -90.71257428853798 -87.66101909385114 41.86934504854369 -91.62828731718483 45 45
-87.66101909385114 41.86934504854369 -91.62828731718483 -87.65988703071672 41.8693609556314 -90.84887311035558 45 45
-87.65988703071672 41.8693609556314 -90.84887311035558 -87.6588393258427 41.86937093632959 -90.66385156946609 45 45
-87.6588393258427 41.86937093632959 -90.66385156946609 -87.65794444444444 41.86937985507246 -91.4846739970053 45 45
-87.65794444444444 41.86937985507246 -91.4846739970053 -87.65723680555556 41.86939270833333 -92.19203342889381 45 45
-87.65723680555556 41.86939270833333 -92.19203342889381 -87.65694090909092 41.86940295454545 -117.03849818146416 45 30
-87.65694090909092 41.86940295454545 -117.03849818146416 -87.65670244988864 41.86976194877506 178.80451869054053 30 41
-87.64770681818182 41.8743003125 -81.89954444982541 -87.64743881578949 41.87427730263158 -58.94724980471162 45 31
-87.64743881578949 41.87427730263158 -58.94724980471162 -87.64715650684931 41.87398809931507 -4.786979888297754 31 34
-87.64715650684931 41.87398809931507 -4.786979888297754 -87.64712969798659 41.873396845637586 -0.8195123164080984 34 45
-87.64712969798659 41.873396845637586 -0.8195123164080984 -87.64711258278146 41.87279889072848 -1.3452313321291234 45 49
-87.64711258278146 41.87279889072848 -1.3452313321291234 -87.6470958881579 41.8722002631579 -2.4579403460657576 49 41
-87.6470958881579 41.8722002631579 -2.4579403460657576 -87.64706317460319 41.87150025396826 -1.3844453217041706 41 44
-87.64706317460319 41.87150025396826 -1.3844453217041706 -87.64703662420384 41.870805796178345 -1.4307188497199366 44 49
-87.64703662420384 41.870805796178345 -1.4307188497199366 -87.64701253731344 41.87009088059702 -1.731607641354617 49 45
-87.64701253731344 41.87009088059702 -1.731607641354617 -87.64717264150941 41.869658396226406 81.92060556063667 45 30
-87.64717264150941 41.869658396226406 81.92060556063667 -87.6484227586207 41.86964655172414 89.65588397030099 30 45
-87.6484227586207 41.86964655172414 89.65588397030099 -87.64983265306121 41.869628367346934 86.53639170620272 45 45
-87.64983265306121 41.869628367346934 86.53639170620272 -87.65114081632655 41.869455102040824 116.45484123981804 45 45
-87.65114081632655 41.869455102040824 116.45484123981804 -87.65134360189573 41.869543886255926 86.51781818251115 45 45
-87.65134360189573 41.869543886255926 86.51781818251115 -87.65239539007092 41.86950606382978 88.08963942119148 45 45
-87.65239539007092 41.86950606382978 88.08963942119148 -87.65349238754325 41.869479169550175 88.50753249603615 45 45
-87.65349238754325 41.869479169550175 88.50753249603615 -87.65454 41.86946965384615 89.68830853448354 45 30
-87.65454 41.86946965384615 89.68830853448354 -87.6555004310345 41.869463103448275 89.26284156827353 30 45
-87.6555004310345 41.869463103448275 89.26284156827353 -87.6564413127413 41.86945436293436 88.86521192246974 45 45
-87.6564413127413 41.86945436293436 88.86521192246974 -87.65749864864866 41.8694345945946 88.41853247831361 45 45
-87.65749864864866 41.8694345945946 88.41853247831361 -87.65864897360703 41.869411642228734 88.476759171334 45 45
-87.65864897360703 41.869411642228734 88.476759171334 -87.65989783783783 41.86938491891892 88.26147804426681 45 45
-87.65989783783783 41.86938491891892 88.26147804426681 -87.66115873493975 41.86936243975904 89.29493635836748 45 45
-87.66115873493975 41.86936243975904 89.29493635836748 -87.66230268456376 41.8693488590604 88.77594906897143 45 45
-87.66230268456376 41.8693488590604 88.77594906897143 -87.66336297577855 41.86933349480969 88.85901305026368 45 40
-87.66336297577855 41.86933349480969 88.85901305026368 -87.66427378640775 41.869327572815536 90.34237445440397 40 30
-87.66427378640775 41.869327572815536 90.34237445440397 -87.66494071856287 41.869317964071854 89.05444122090455 30 45
-87.66494071856287 41.869317964071854 89.05444122090455 -87.66559374999999 41.86931697916666 88.27306984380351 45 45
-87.66559374999999 41.86931697916666 88.27306984380351 -87.66635776892431 41.86930067729084 89.06494507677034 45 45
-87.6710099848714 41.86925502269289 90.9836949961196 -87.67131111111111 41.86913962962963 21.243537112955643 30 34
-87.67144 41.86862266666667 5.139833278692207 -87.6714 41.86791934782609 -1.2131718132018834 45 43
-87.6714 41.86791934782609 -1.2131718132018834 -87.6713693877551 41.86723265306122 -6.619442610689267 43 41
-87.6713693877551 41.86723265306122 -6.619442610689267 -87.67131999999998 41.866802 -57.894203799787945 41 28
-87.67131999999998 41.866802 -57.894203799787945 -87.67096399999998 41.8667474 -92.07815888931388 28 40
-87.67096399999998 41.8667474 -92.07815888931388 -87.67018783783783 41.8667577027027 -91.51859213606372 40 45
-87.67018783783783 41.8667577027027 -91.51859213606372 -87.66934225352112 41.86677816901407 -88.01422887116414 45 45
-87.66934225352112 41.86677816901407 -88.01422887116414 -87.66860000000001 41.86679896797153 -85.5512723713926 45 45
-87.66905106382978 41.87417531914893 2.312155825439403 -87.66908671328672 41.873851888111886 -0.2161554619043075 26 35
-87.66891587301588 41.87233984126985 1.0065771274934718 -87.66892761904761 41.87190576190476 5.0552555633252 46 39
-87.66895129224652 41.86952602385686 -0.8134003823226237 -87.66894837837839 41.86926251351352 85.23818040163046 39 30
-87.67606069469836 41.8691878976234 90.58643139897092 -87.67613702422146 41.86955702422146 178.13900264409213 45 37
-87.67613702422146 41.86955702422146 178.13900264409213 -87.67615910652921 41.87026099656357 178.70252160054028 37 47
-87.67615910652921 41.87026099656357 178.70252160054028 -87.67617933333332 41.8709716 -177.04499222842855 47 45
-87.66906451612903 41.87154096774193 -138.27743629553495 -87.66894745762711 41.87191610169492 179.42084858829156 22 35
-87.66894745762711 41.87191610169492 179.42084858829156 -87.66896870229007 41.87251137404579 177.93312978884939 35 39
-87.66896870229007 41.87251137404579 177.93312978884939 -87.66900243902438 41.87312585365854 177.77815079323304 39 35
-87.66900243902438 41.87312585365854 177.77815079323304 -87.66904285714284 41.87370392857143 175.8090182701047 35 37
-87.66904285714284 41.87370392857143 175.8090182701047 -87.66908292682928 41.87405048780488 -117.16792397899664 37 45
-87.66851016949151 41.874169915254235 -91.562524793741 -87.66795912408759 41.87418087591241 -90.32332993384136 46 45
-87.66795912408759 41.87418087591241 -90.32332993384136 -87.66725934065934 41.87415983516483 -89.11337335231833 45 45
-87.6714364864865 41.870176756756756 -179.5797920245938 -87.67147 41.870656000000004 -155.52827047180782 36 43
-87.67147 41.870656000000004 -155.52827047180782 -87.67152727272725 41.87114272727273 -149.34456583734877 43 42
-87.64689953051642 41.866799201877924 -3.144048085462568 -87.64685652173912 41.86589359683795 -2.00081862866427 37 35
-87.66706200607902 41.86921136778115 -90.66342674784674 -87.66584647887323 41.86923742957747 -92.34103630505341 45 45
-87.66584647887323 41.86923742957747 -92.34103630505341 -87.66465536912752 41.869264630872486 -91.98307593565814 45 45
-87.66465536912752 41.869264630872486 -91.98307593565814 -87.66343854166666 41.869306111111115 -92.20021973821356 45 45
-87.66343854166666 41.869306111111115 -92.20021973821356 -87.66226061643835 41.86932335616439 -90.71257428853798 45 45
-87.668300625 41.87416225 89.468460808366 -87.66858571428574 41.874089285714284 129.9287569011921 45 34
-87.6689746031746 41.87414158730158 -89.87064777055362 -87.66851016949151 41.874169915254235 -91.562524793741 45 46
-87.6710099848714 41.86925502269289 90.9836949961196 -87.67122708333333 41.86930041666667 131.97502349031373 30 22
-87.6716886227545 41.869497664670654 93.3559376753139 -87.67211303418804 41.86926675213675 88.81394845068658 45 45
-87.67617933333332 41.8709716 -177.04499222842855 -87.675919375 41.87146921875 -83.016767220935 45 23
-87.66953377049181 41.87156829508197 -93.39790494679261 -87.66941621621622 41.87159168918918 -72.59462918179052 45 30
-87.66907090909089 41.87311709090909 -0.8989044695871403 -87.669106 41.873065 -22.938664317146582 33 27
-87.65668534743202 41.86870732628399 179.5297217514085 -87.65694090909092 41.86940295454545 -117.03849818146416 47 30
-87.66595840000001 41.86680232 -91.710440573413 -87.66621754385964 41.86730421052632 -178.5144386126025 45 41
-87.66621754385964 41.86730421052632 -178.5144386126025 -87.66623548387093 41.868250483870966 178.6589249024766 41 49
-87.66623548387093 41.868250483870966 178.6589249024766 -87.66628289473682 41.86929249999999 177.75085930577302 49 42
-87.66628289473682 41.86929249999999 177.75085930577302 -87.66631466666666 41.870335866666665 178.2238145351944 42 47
-87.66631466666666 41.870335866666665 178.2238145351944 -87.66637857142857 41.871447448979595 -179.09121457457914 47 47
-87.65023169398907 41.862313278688525 88.34159442329036 -87.65057627118642 41.86230254237288 117.57607501619134 45 30
-87.65057627118642 41.86230254237288 117.57607501619134 -87.65082769784173 41.86264215827338 175.76328428756653 30 33
-87.64782787878788 41.86952818181818 -89.74780495841901 -87.64702515243904 41.86926724085366 -3.3497020417825736 40 43
-87.6734152173913 41.869148478260875 148.081444940449 -87.67354371584699 41.86947606557377 175.17386357210728 23 27
-87.67329583333333 41.8712825 164.93317863286023 -87.67333913043478 41.87130913043479 118.80480568523056 32 27
-87.6462668161435 41.86959457399104 -92.83816366008685 -87.64505161290323 41.86964077419355 -92.01035556001902 40 45
-87.64505161290323 41.86964077419355 -92.01035556001902 -87.6439 41.86966852112676 -91.93758963287986 45 45
-87.6439 41.86966852112676 -91.93758963287986 -87.64288582089551 41.86969007462686 -93.85849049983109 45 45
-87.67211303418804 41.86926675213675 88.81394845068658 -87.67244133333335 41.86884826666667 96.23052650389104 45 45
-87.67244133333335 41.86884826666667 96.23052650389104 -87.67255580246913 41.86925985185185 89.25427778947709 45 45
-87.6702283018868 41.87409886792452 -88.31480808429468 -87.66964074074075 41.874088148148154 -86.55688923587695 40 45
-87.64236 41.883115333333336 -101.44890774432164 -87.64183750000001 41.88318 -80.88251281746486 28 30
-87.64121 41.882760999999995 10.013347996021276 -87.64139999999999 41.88229142857143 24.38018195377833 30 28
-87.64117499999999 41.882035 74.72198434948604 -87.64212666666667 41.88195266666667 80.88043793045006 37 37
-87.64212666666667 41.88195266666667 80.88043793045006 -87.64329333333333 41.88182666666667 91.5636023816454 37 45
-87.64329333333333 41.88182666666667 91.5636023816454 -87.64381111111112 41.88184 23.81454661823516 45 47
-87.64381111111112 41.88184 23.81454661823516 -87.6440222222222 41.88162666666667 1.7255424717997243 47 38
-87.6440222222222 41.88162666666667 1.7255424717997243 -87.64397727272727 41.88113590909091 1.9981299067146387 38 49
-87.64397727272727 41.88113590909091 1.9981299067146387 -87.64396206896552 41.88045517241379 -2.414381973734349 49 47
-87.64396206896552 41.88045517241379 -2.414381973734349 -87.64392333333335 41.87972366666668 -1.4740763113658812 47 56
-87.64392333333335 41.87972366666668 -1.4740763113658812 -87.6438875 41.8789190625 -0.42349175573397196 56 53
-87.6438875 41.8789190625 -0.42349175573397196 -87.64389117647058 41.87813764705883 -0.21482582180556936 53 51
-87.66882749999999 41.87415625 70.28964591651791 -87.6689525 41.874202000000004 29.107001647696357 31 30
-87.65133499999999 41.86706625 -114.81488898876059 -87.65013529411763 41.867064705882356 -90.39888997522382 30 45
-87.65013529411763 41.867064705882356 -90.39888997522382 -87.64878235294117 41.86708705882353 -91.0483594625585 45 45
-87.64878235294117 41.86708705882353 -91.0483594625585 -87.64761 41.867113 -96.64076288003399 45 45
-87.64761 41.867113 -96.64076288003399 -87.64743333333334 41.867126666666664 -83.77032468193477 45 45
-87.64743333333334 41.867126666666664 -83.77032468193477 -87.64689953051642 41.866799201877924 -3.144048085462568 45 37
-87.66941621621622 41.87159168918918 -72.59462918179052 -87.66906451612903 41.87154096774193 -138.27743629553495 30 22
-87.66941621621622 41.87159168918918 -72.59462918179052 -87.66919612903226 41.87154658064516 -27.320952504170585 30 30
-87.67122708333333 41.86930041666667 131.97502349031373 -87.67163562005277 41.869202216358836 89.3242869129916 22 30
-87.65055148205929 41.867154680187205 91.60076540950891 -87.65095717131473 41.86746880478088 179.4568020773358 45 37
-87.65101581027669 41.869013122529644 178.33213110079004 -87.65114081632655 41.869455102040824 116.45484123981804 45 45
-87.67337194244602 41.86925688249401 88.01667850599738 -87.6734152173913 41.869148478260875 148.081444940449 40 23
-87.66891999999999 41.8692878 -52.004499611080206 -87.66825871559632 41.86920639143731 -90.64550830211881 22 45
-87.66725934065934 41.87415983516483 -89.11337335231833 -87.666595 41.8738165 -101.18153678606677 45 59
-87.64288582089551 41.86969007462686 -93.85849049983109 -87.64218715596331 41.87006146788992 -178.04870856562533 45 39
-87.64218715596331 41.87006146788992 -178.04870856562533 -87.64219541284405 41.870800917431204 178.64958144046085 39 53
-87.64219541284405 41.870800917431204 178.64958144046085 -87.64222321428572 41.871571964285714 -176.5126144461487 53 49
-87.64222321428572 41.871571964285714 -176.5126144461487 -87.64165588235295 41.87198901960784 -90.1058858903223 49 41
-87.64165588235295 41.87198901960784 -90.1058858903223 -87.64095652173916 41.87192869565218 -35.387938688980405 41 30
-87.64095652173916 41.87192869565218 -35.387938688980405 -87.64081333333334 41.87169733333333 2.190160738785372 30 29
-87.64081333333334 41.87169733333333 2.190160738785372 -87.64081833333333 41.871165500000004 -0.5461320856677183 29 43
-87.64081833333333 41.871165500000004 -0.5461320856677183 -87.6408375 41.87063046875 -1.1154166978593403 43 47
-87.6408375 41.87063046875 -1.1154166978593403 -87.64082368421055 41.87016421052631 0.9741235423316792 47 46
-87.64082368421055 41.87016421052631 0.9741235423316792 -87.64079047619046 41.86995523809524 35.914697286830474 46 32
-87.67126046511626 41.869281860465115 169.20529000352985 -87.6716886227545 41.869497664670654 93.3559376753139 22 45
-87.6716886227545 41.869497664670654 93.3559376753139 -87.67174761904762 41.86991 104.47796217387227 45 46
-87.67174761904762 41.86991 104.47796217387227 -87.67192413793104 41.86997586206897 78.2532308577294 46 46
-87.6689525 41.874202000000004 29.107001647696357 -87.66905106382978 41.87417531914893 2.312155825439403 30 26
-87.66892761904761 41.87190576190476 5.0552555633252 -87.66919612903226 41.87154658064516 -27.320952504170585 39 30
-87.67163562005277 41.869202216358836 89.3242869129916 -87.6716886227545 41.869497664670654 93.3559376753139 30 45
-87.64643486238532 41.874346422018355 85.86638550397863 -87.64715650684931 41.87398809931507 -4.786979888297754 45 34
-87.66908292682928 41.87405048780488 -117.16792397899664 -87.6689746031746 41.87414158730158 -89.87064777055362 45 45
-87.67335319148937 41.869094042553186 120.86082851786786 -87.67337194244602 41.86925688249401 88.01667850599738 31 40
-87.64150263157894 41.879272105263155 90.3149366705232 -87.6428761904762 41.879290714285716 89.05777371810723 35 45
-87.6428761904762 41.879290714285716 89.05777371810723 -87.64421333333333 41.87927133333332 87.37225749429496 45 45
-87.64421333333333 41.87927133333332 87.37225749429496 -87.64567045454545 41.879248863636356 88.79125386975683 45 45
-87.64567045454545 41.879248863636356 88.79125386975683 -87.64707708333333 41.879227500000006 88.55446700636732 45 45
-87.64707708333333 41.879227500000006 88.55446700636732 -87.64849655172415 41.879215 88.85595678501736 45 45
-87.64849655172415 41.879215 88.85595678501736 -87.65004814814814 41.87918407407407 88.17255229827455 45 30
-87.65004814814814 41.87918407407407 88.17255229827455 -87.6513836734694 41.87915387755102 88.71926722832409 30 40
-87.6513836734694 41.87915387755102 88.71926722832409 -87.65272545454546 41.87913018181817 88.85843496135843 40 45
-87.65272545454546 41.87913018181817 88.85843496135843 -87.65392173913045 41.879107608695655 88.94240140710095 45 45
-87.65392173913045 41.879107608695655 88.94240140710095 -87.65525740740742 41.87909277777778 88.4665133842428 45 45
-87.65525740740742 41.87909277777778 88.4665133842428 -87.65656923076925 41.879065000000004 88.43436899498 45 45
-87.65656923076925 41.879065000000004 88.43436899498 -87.65787872340425 41.879037021276595 88.5605449014732 45 45
-87.65787872340425 41.879037021276595 88.5605449014732 -87.65905454545455 41.87901886363637 89.07993479474997 45 45
-87.65905454545455 41.87901886363637 89.07993479474997 -87.66049649122807 41.87899859649122 88.60409211421975 45 45
-87.66049649122807 41.87899859649122 88.60409211421975 -87.66199622641508 41.87896735849057 88.2123635355165 45 45
-87.66199622641508 41.87896735849057 88.2123635355165 -87.6633596153846 41.87893788461538 88.61043380266014 45 45
-87.6633596153846 41.87893788461538 88.61043380266014 -87.6647170212766 41.878907659574466 88.35358441476932 45 41
-87.6647170212766 41.878907659574466 88.35358441476932 -87.6659219512195 41.87888804878049 86.76631406506651 41 45
-87.6659219512195 41.87888804878049 86.76631406506651 -87.66663750000001 41.87884625 29.21856844910852 45 30
-87.66663750000001 41.87884625 29.21856844910852 -87.66676333333338 41.87852333333334 -1.3183813258351798 30 35
-87.66676333333338 41.87852333333334 -1.3183813258351798 -87.66673953488375 41.87781209302326 -0.8153819363008741 35 45
-87.66673953488375 41.87781209302326 -0.8153819363008741 -87.66671707317074 41.87693463414634 -0.4279607741272758 45 48
-87.67263076923076 41.86971365384615 73.4270930682414 -87.6729510688836 41.869252945368174 89.39476654117068 45 45
-87.64079047619046 41.86995523809524 35.914697286830474 -87.64144222222222 41.86977388888889 86.45151435959437 32 45
-87.64144222222222 41.86977388888889 86.45151435959437 -87.6426202247191 41.86973471910112 87.67079275877904 45 45
-87.6426202247191 41.86973471910112 87.67079275877904 -87.64393333333334 41.86970933333334 88.79423314073291 45 45
-87.64393333333334 41.86970933333334 88.79423314073291 -87.6455559139785 41.86967720430108 86.84569098498677 45 45
-87.6455559139785 41.86967720430108 86.84569098498677 -87.64717264150941 41.869658396226406 81.92060556063667 45 30
-87.64717264150941 41.869658396226406 81.92060556063667 -87.64702515243904 41.86926724085366 -3.3497020417825736 30 43
-87.64097692307693 41.87874153846154 -2.5893555943200077 -87.64096666666666 41.87813083333334 1.0540198581679339 26 31
-87.64096666666666 41.87813083333334 1.0540198581679339 -87.64105 41.877714999999995 61.46716056392284 31 46
-87.64105 41.877714999999995 61.46716056392284 -87.64105555555555 41.877626666666664 -2.2131887860394874 46 38
-87.64105555555555 41.877626666666664 -2.2131887860394874 -87.64093999999997 41.87713333333334 -2.757126571582388 38 38
-87.64093999999997 41.87713333333334 -2.757126571582388 -87.64087619047618 41.876515714285716 1.094395880589486 38 42
-87.64087619047618 41.876515714285716 1.094395880589486 -87.64087727272728 41.875924545454545 -4.01319591720866 42 41
-87.64087727272728 41.875924545454545 -4.01319591720866 -87.64091666666666 41.875312083333334 3.537211291727918 41 39
-87.64091666666666 41.875312083333334 3.537211291727918 -87.64098125000001 41.87477 -3.6467636122597287 39 37
-87.64162380952382 41.874363095238095 91.9982049746517 -87.64281190476191 41.87436880952381 88.19942278052042 44 45
-87.64281190476191 41.87436880952381 88.19942278052042 -87.64410543478262 41.87437 89.40329965902599 45 45
-87.67147 41.870656000000004 -155.52827047180782 -87.67063076923077 41.87099384615385 -118.41519204598453 43 45
-87.67063076923077 41.87099384615385 -118.41519204598453 -87.67061176470588 41.87112764705882 -94.71574001336715 45 45
-87.66903333333332 41.87155361111111 -100.23148934080183 -87.66906451612903 41.87154096774193 -138.27743629553495 30 22
-87.64681632653061 41.86513659863945 -2.1279411515959517 -87.64639166666666 41.86478458333333 -87.8061486889414 31 30
-87.64639166666666 41.86478458333333 -87.8061486889414 -87.64557727272728 41.86477318181819 -88.52785165477736 30 30
-87.64557727272728 41.86477318181819 -88.52785165477736 -87.64511666666665 41.86478333333333 -27.484465725221607 30 37
-87.64511666666665 41.86478333333333 -27.484465725221607 -87.64494375 41.86453125 2.810364977027136 37 48
-87.64494375 41.86453125 2.810364977027136 -87.645525 41.864174375 87.15275815486855 48 30
-87.645525 41.864174375 87.15275815486855 -87.64654 41.864161 112.66442136991176 30 35
-87.64654 41.864161 112.66442136991176 -87.64677619047617 41.86446666666667 179.784194480362 35 22
-87.64677619047617 41.86446666666667 179.784194480362 -87.64681041666667 41.865246250000006 177.87462595283296 22 37
-87.64681041666667 41.865246250000006 177.87462595283296 -87.6468296296296 41.86612111111111 178.85179553463718 37 38
-87.6468296296296 41.86612111111111 178.85179553463718 -87.64684482758622 41.86696068965518 -179.35020279686537 38 45
-87.67135937500001 41.869175 57.43791439118389 -87.67144 41.86862266666667 5.139833278692207 24 45
-87.65157619047618 41.86705623376624 -92.81550075843272 -87.65102345679011 41.866650740740745 -1.4255838429354373 45 41
-87.65102345679011 41.866650740740745 -1.4255838429354373 -87.65099166666666 41.86577285714285 -1.4609026252745774 41 57
-87.65099166666666 41.86577285714285 -1.4609026252745774 -87.65095697674415 41.86489697674419 -2.195528848509375 57 47
-87.65095697674415 41.86489697674419 -2.195528848509375 -87.65082328767123 41.86403780821918 1.9707426901696614 47 39
-87.65082328767123 41.86403780821918 1.9707426901696614 -87.65088148148149 41.86390555555555 -17.649133906168174 39 38
-87.65088148148149 41.86390555555555 -17.649133906168174 -87.65055531914894 41.863552340425535 -82.25882483111133 38 23
-87.65055531914894 41.863552340425535 -82.25882483111133 -87.65036764705881 41.86356088235294 -111.24027036853505 23 22
-87.64985714285714 41.86367428571429 157.60916443946962 -87.65005925925925 41.86382962962963 100.32381037651916 19 18
-87.65005925925925 41.86382962962963 100.32381037651916 -87.65017222222224 41.863792222222216 54.71060105107486 18 20
-87.64143333333332 41.88249777777778 130.648665075947 -87.64228 41.882532000000005 92.728798229328 27 45
-87.64228 41.882532000000005 92.728798229328 -87.6425125 41.8826125 67.05982167719353 45 57
-87.6425125 41.8826125 67.05982167719353 -87.64327142857144 41.88241714285714 59.53999306779339 57 66
-87.64327142857144 41.88241714285714 59.53999306779339 -87.64335714285714 41.88212571428572 19.30421244467471 66 54
-87.64335714285714 41.88212571428572 19.30421244467471 -87.64381111111112 41.88184 23.81454661823516 54 47
-87.64643486238532 41.874346422018355 85.86638550397863 -87.64707777777778 41.87414259259259 144.62309999061176 45 32
-87.67079090909091 41.874092954545446 -91.96880786133605 -87.6702283018868 41.87409886792452 -88.31480808429468 30 40
-87.64743881578949 41.87427730263158 -58.94724980471162 -87.64651470588235 41.874295 -93.1400249400623 31 45
-87.64651470588235 41.874295 -93.1400249400623 -87.64532564102565 41.87432153846153 -90.6994467334043 45 45
-87.64532564102565 41.87432153846153 -90.6994467334043 -87.64402962962961 41.87433814814816 -91.81737091343294 45 45
-87.64402962962961 41.87433814814816 -91.81737091343294 -87.64301578947368 41.87436631578947 -91.88094142111466 45 45
-87.64301578947368 41.87436631578947 -91.88094142111466 -87.64262000000001 41.874372 -123.1049562882582 45 30
-87.64262000000001 41.874372 -123.1049562882582 -87.64235961538459 41.874764423076925 178.4473589293821 30 47
-87.64105555555555 41.877626666666664 -2.2131887860394874 -87.64152499999999 41.8770675 12.321645134984765 38 31
-87.64152499999999 41.8770675 12.321645134984765 -87.64158 41.876144000000004 -8.010647213209518 31 38
-87.64158 41.876144000000004 -8.010647213209518 -87.64091666666666 41.875312083333334 3.537211291727918 38 39
-87.64098125000001 41.87477 -3.6467636122597287 -87.64093333333335 41.874516666666665 36.09955799447557 37 20
-87.64093333333335 41.874516666666665 36.09955799447557 -87.64162380952382 41.874363095238095 91.9982049746517 20 44
-87.67140999999998 41.871241666666656 176.1285810365695 -87.6714638888889 41.87198805555555 178.93362758519618 34 39
-87.6714638888889 41.87198805555555 178.93362758519618 -87.67147195121952 41.8727243902439 179.37159684541456 39 43
-87.67147195121952 41.8727243902439 179.37159684541456 -87.67147894736843 41.87350026315789 -178.25271576790036 43 45
-87.67127142857143 41.87406964285714 -92.79227221623917 -87.67079090909091 41.874092954545446 -91.96880786133605 19 30
-87.66964074074075 41.874088148148154 -86.55688923587695 -87.66962222222222 41.87410851851851 -104.41094429396213 45 42
-87.66962222222222 41.87410851851851 -104.41094429396213 -87.66908292682928 41.87405048780488 -117.16792397899664 42 45
-87.67192413793104 41.86997586206897 78.2532308577294 -87.67261250000001 41.86978666666667 95.24019797533687 46 46
-87.67261250000001 41.86978666666667 95.24019797533687 -87.67263076923076 41.86971365384615 73.4270930682414 46 45
-87.67367857142857 41.869865000000004 87.49900493933967 -87.67412 41.86992600000001 68.72410757191483 60 59
-87.67412 41.86992600000001 68.72410757191483 -87.67460328719723 41.869233529411765 87.54368108902395 59 45
-87.64782787878788 41.86952818181818 -89.74780495841901 -87.64685569620252 41.86967936708861 -179.56528625175093 40 49
-87.64704594594595 41.87382594594594 177.46013581190533 -87.64651470588235 41.874295 -93.1400249400623 45 45
-87.65066363636365 41.863552727272726 132.52959158066014 -87.65087183544301 41.86332971518988 177.8349621564504 20 35
-87.66897499999999 41.86969499999999 178.3513959225024 -87.669275 41.8709225 -152.48971132732737 31 46
-87.66671707317074 41.87693463414634 -0.4279607741272758 -87.66670384615387 41.875925 -1.1356299606755458 48 47
-87.66670384615387 41.875925 -1.1356299606755458 -87.66668214285717 41.874925 0.34585586090151615 47 43
-87.66668214285717 41.874925 0.34585586090151615 -87.66660684931504 41.87423826484018 86.55655879439666 43 40
-87.67211303418804 41.86926675213675 88.81394845068658 -87.67263076923076 41.86971365384615 73.4270930682414 45 45
-87.65048235294117 41.86354411764705 84.14560353564578 -87.65066363636365 41.863552727272726 132.52959158066014 20 20
-87.66654000000001 41.87395733333333 -138.24793595499463 -87.66661111111112 41.87460333333333 -179.3132301920114 36 37
-87.66661111111112 41.87460333333333 -179.3132301920114 -87.66645 41.874759999999995 -140.66911299059998 37 45
-87.66645 41.874759999999995 -140.66911299059998 -87.6667 41.875702000000004 174.83836445808134 45 36
-87.6667 41.875702000000004 174.83836445808134 -87.66727499999999 41.876365 89.74836154261564 36 45
-87.66727499999999 41.876365 89.74836154261564 -87.66839999999999 41.87634 88.78220077808426 45 45
-87.66839999999999 41.87634 88.78220077808426 -87.669425 41.8763225 86.64425185044932 45 45
-87.669425 41.8763225 86.64425185044932 -87.6705 41.87622 79.05007068365691 45 46
-87.6705 41.87622 79.05007068365691 -87.67165 41.87608 80.33056608530124 46 39
-87.67165 41.87608 80.33056608530124 -87.6728 41.87597 96.35966748999999 39 9
-87.67147894736843 41.87350026315789 -178.25271576790036 -87.67139999999999 41.87396894736842 -123.72802756344703 45 31
-87.6409125 41.87933625 9.436196695531924 -87.64150263157894 41.879272105263155 90.3149366705232 20 35
-87.66953377049181 41.87156829508197 -93.39790494679261 -87.669275 41.8709225 -152.48971132732737 45 46
-87.64702515243904 41.86926724085366 -3.3497020417825736 -87.6462668161435 41.86959457399104 -92.83816366008685 43 40
-87.67333913043478 41.87130913043479 118.80480568523056 -87.6737042253521 41.871199295774645 -161.15412158353388 27 27
-87.66863636363635 41.874098181818184 155.58497309247988 -87.668475 41.87376416666667 9.10312057682863 30 82
-87.66907901234568 41.87347333333333 -0.05015053183910922 -87.66857999999999 41.87308800000001 2.1625134741585885 43 44
-87.64777999999998 41.874776 -48.81196649826945 -87.64743881578949 41.87427730263158 -58.94724980471162 38 31
-87.66845555555557 41.87373888888889 -23.58572423143699 -87.66786250000001 41.873422500000004 -100.44504915512115 43 71
-87.66786250000001 41.873422500000004 -100.44504915512115 -87.666595 41.8738165 -101.18153678606677 71 59
-87.65656923076925 41.879065000000004 88.43436899498 -87.65703333333333 41.87885333333333 6.930610816582144 45 34
-87.65703333333333 41.87885333333333 6.930610816582144 -87.65702499999999 41.87805 -1.0258570007518537 34 33
-87.65702499999999 41.87805 -1.0258570007518537 -87.65708000000001 41.877072 1.794664497242674 33 40
-87.65708000000001 41.877072 1.794664497242674 -87.65705999999999 41.876045999999995 -2.398454927067971 40 40
-87.65705999999999 41.876045999999995 -2.398454927067971 -87.65696666666665 41.874962222222216 -9.232169441501014 40 39
-87.65696666666665 41.874962222222216 -9.232169441501014 -87.65641198044011 41.874203997555014 -96.0740565212399 39 45
-87.6841 41.866614999999996 -91.2659763562 -87.68315 41.86663 -93.03265125280905 18 45
-87.68315 41.86663 -93.03265125280905 -87.68193333333333 41.86671666666667 -95.77406482910325 45 61
-87.68193333333333 41.86671666666667 -95.77406482910325 -87.68065 41.866765 -91.08504951731102 61 60
-87.68065 41.866765 -91.08504951731102 -87.67943333333334 41.866793333333334 -92.6320810057942 60 55
-87.67943333333334 41.866793333333334 -92.6320810057942 -87.678375 41.866805 -88.07065329686316 55 45
-87.678375 41.866805 -88.07065329686316 -87.67710000000001 41.866752 -86.61747897663406 45 31
-87.67710000000001 41.866752 -86.61747897663406 -87.675825 41.866727499999996 -90.28746166989418 31 43
-87.675825 41.866727499999996 -90.28746166989418 -87.67445 41.866745 -91.49023542646228 43 56
-87.67445 41.866745 -91.49023542646228 -87.67285 41.86675833333333 -89.38798290256668 56 45
-87.67285 41.86675833333333 -89.38798290256668 -87.67131999999998 41.866802 -57.894203799787945 45 28
-87.65055148205929 41.867154680187205 91.60076540950891 -87.65102345679011 41.866650740740745 -1.4255838429354373 45 41
-87.65036764705881 41.86356088235294 -111.24027036853505 -87.64996153846155 41.86354538461539 -156.42539738407234 22 22
-87.64996153846155 41.86354538461539 -156.42539738407234 -87.64985714285714 41.86367428571429 157.60916443946962 22 19
-87.66888873239436 41.86721672535211 -4.049911984367029 -87.66934225352112 41.86677816901407 -88.01422887116414 41 45
-87.67144 41.86862266666667 5.139833278692207 -87.67244133333335 41.86884826666667 96.23052650389104 45 45
-87.66892786885244 41.872740163934424 -25.67964019058029 -87.66856000000001 41.873011 22.650090733936132 37 40
-87.64078333333333 41.88100333333333 -8.2025291473734 -87.6407090909091 41.88028272727272 0.4968770303475334 33 36
-87.6407090909091 41.88028272727272 0.4968770303475334 -87.64073333333334 41.879783333333336 26.811491132961304 36 31
-87.64073333333334 41.879783333333336 26.811491132961304 -87.64094 41.879384 -31.57360022855999 31 20
-87.64094 41.879384 -31.57360022855999 -87.6409125 41.87933625 9.436196695531924 20 20
-87.64421333333333 41.87927133333332 87.37225749429496 -87.6438875 41.8789190625 -0.42349175573397196 45 53
-87.64222321428572 41.871571964285714 -176.5126144461487 -87.64230666666667 41.872631 178.6231774788568 49 47
-87.64230666666667 41.872631 178.6231774788568 -87.64232941176472 41.87367323529412 179.51005972363268 47 50
-87.64235961538459 41.874764423076925 178.4473589293821 -87.64241860465118 41.875646511627906 179.75630110435043 47 47
-87.64241860465118 41.875646511627906 179.75630110435043 -87.64242499999999 41.87648861111111 -178.7953941618838 47 43
-87.64242499999999 41.87648861111111 -178.7953941618838 -87.64242121212122 41.87747484848485 179.28338758165722 43 39
-87.64232941176472 41.87367323529412 179.51005972363268 -87.64262000000001 41.874372 -123.1049562882582 50 30
-87.669275 41.8709225 -152.48971132732737 -87.66903333333332 41.87155361111111 -100.23148934080183 46 30
-87.67139999999999 41.87396894736842 -123.72802756344703 -87.67127142857143 41.87406964285714 -92.79227221623917 31 19
-87.65017222222224 41.863792222222216 54.71060105107486 -87.65048235294117 41.86354411764705 84.14560353564578 20 20
-87.67122708333333 41.86930041666667 131.97502349031373 -87.67126046511626 41.869281860465115 169.20529000352985 22 22
-87.64253913043477 41.87842913043478 177.30742595738184 -87.64257307692309 41.87923 -177.32600072962643 36 42
-87.64257307692309 41.87923 -177.32600072962643 -87.642552 41.88017119999999 179.6996096142356 42 56
-87.642552 41.88017119999999 179.6996096142356 -87.64257142857143 41.88117571428571 -178.8636455923754 56 61
-87.64257142857143 41.88117571428571 -178.8636455923754 -87.642535 41.882063 173.70728477874076 61 53
-87.642535 41.882063 173.70728477874076 -87.64243333333334 41.88272 177.36092384432774 53 44
-87.64243333333334 41.88272 177.36092384432774 -87.64228333333334 41.88286333333333 -143.5868038914 44 28
-87.64228333333334 41.88286333333333 -143.5868038914 -87.64236 41.883115333333336 -101.44890774432164 28 28
-87.6413625 41.883070000000004 -23.695571449334935 -87.64121 41.882760999999995 10.013347996021276 29 30
-87.64139999999999 41.88229142857143 24.38018195377833 -87.64115 41.88225 -39.54578422879211 28 24
-87.66863636363635 41.874098181818184 155.58497309247988 -87.66853333333331 41.87529666666667 -81.0998743486064 30 90
-87.66853333333331 41.87529666666667 -81.0998743486064 -87.6689525 41.874202000000004 29.107001647696357 90 30
-87.64829616055847 41.87435178010471 -84.66075663185421 -87.6479 41.87498285714286 -86.91256323002567 45 60
-87.6479 41.87498285714286 -86.91256323002567 -87.64777999999998 41.874776 -48.81196649826945 60 38
-87.67719796610169 41.87401588135594 -85.08165948059502 -87.67702 41.87337599999999 -35.823235863636775 45 39
-87.67702 41.87337599999999 -35.823235863636775 -87.67640114155253 41.873138059360734 -2.9213195066021753 39 43
-87.6737042253521 41.871199295774645 -161.15412158353388 -87.67329583333333 41.8712825 164.93317863286023 27 32
-87.67132962962962 41.86966092592593 -174.41797743996426 -87.67049999999999 41.8703225 173.7829669166471 28 42
-87.67049999999999 41.8703225 173.7829669166471 -87.671075 41.8702875 74.70097222517951 42 35
-87.6569 41.87635 -161.89292912140002 -87.6565 41.87652666666667 -88.02261698331107 18 27
-87.6565 41.87652666666667 -88.02261698331107 -87.65534 41.876506 -89.13578088836289 27 45
-87.65534 41.876506 -89.13578088836289 -87.65402499999999 41.87648 -88.68834917531464 45 43
-87.65402499999999 41.87648 -88.68834917531464 -87.65281999999999 41.876478 -91.02214255209655 43 45
-87.65281999999999 41.876478 -91.02214255209655 -87.65183333333334 41.87638333333333 -28.887196499491118 45 26
-87.65183333333334 41.87638333333333 -28.887196499491118 -87.6517 41.87564666666666 1.7643606477865121 26 28
-87.6517 41.87564666666666 1.7643606477865121 -87.65174999999999 41.874885 6.303955530231579 28 29
-87.65174999999999 41.874885 6.303955530231579 -87.65164484536082 41.8744256185567 88.56861728120067 29 45
-87.65674 41.870059000000005 -6.00719997148912 -87.65723680555556 41.86939270833333 -92.19203342889381 37 45
-87.65186666666666 41.86938888888889 -77.49892059062044 -87.65041067285384 41.86948703016242 -92.12832645477641 30 45
-87.666075 41.8717825 -97.48456901049273 -87.66641260504201 41.872227563025206 179.29966594797258 22 43
-87.65110000000001 41.86767523809524 -2.6429017268761097 -87.65102345679011 41.866650740740745 -1.4255838429354373 42 41
-87.64025 41.877845 76.60619697616697 -87.64105 41.877714999999995 61.46716056392284 46 46
-87.64105 41.877714999999995 61.46716056392284 -87.64205 41.8776175 78.1567085022795 46 46
-87.64205 41.8776175 78.1567085022795 -87.64299999999999 41.877340000000004 28.406254335364284 46 34
-87.64299999999999 41.877340000000004 28.406254335364284 -87.64383870967741 41.87676419354838 -0.3441815597766082 34 56
-87.6679926910299 41.86927172757475 89.28829539483694 -87.66897499999999 41.86969499999999 178.3513959225024 45 31
-87.66897499999999 41.86969499999999 178.3513959225024 -87.66896204238921 41.86988572254336 -0.5356933278529952 31 47
-87.671075 41.86923125 -59.719467108459895 -87.6710099848714 41.86925502269289 90.9836949961196 32 30
-87.68683333333333 41.87520333333333 -91.30155693143868 -87.6858 41.87522 -91.15807323533969 81 90
-87.6858 41.87522 -91.15807323533969 -87.68446000000002 41.875235999999994 -90.86853099991896 90 90
-87.68446000000002 41.875235999999994 -90.86853099991896 -87.68314000000001 41.875246 -89.88262201462068 90 90
-87.68314000000001 41.875246 -89.88262201462068 -87.68186 41.875246 -90.53631710779023 90 90
-87.68186 41.875246 -90.53631710779023 -87.68054 41.87525 -90.11735178993706 90 90
-87.68054 41.87525 -90.11735178993706 -87.67924 41.875257999999995 -90.29950292805304 90 90
-87.67924 41.875257999999995 -90.29950292805304 -87.67798 41.875262 -90.60740629026346 90 90
-87.67798 41.875262 -90.60740629026346 -87.67668 41.875274000000005 -90.80918534689049 90 90
-87.67668 41.875274000000005 -90.80918534689049 -87.67526666666667 41.87529 -91.01537797723249 90 75
-87.67526666666667 41.87529 -91.01537797723249 -87.6739 41.87531 -91.79971269895074 75 75
-87.6739 41.87531 -91.79971269895074 -87.67253333333333 41.87534333333333 -91.39094954301677 75 70
-87.67253333333333 41.87534333333333 -91.39094954301677 -87.67116666666668 41.87536 -89.50640618196974 70 75
-87.67116666666668 41.87536 -89.50640618196974 -87.669725 41.875355 -91.49358227660493 75 84
-87.669725 41.875355 -91.49358227660493 -87.66853333333331 41.87529666666667 -81.0998743486064 84 90
-87.66853333333331 41.87529666666667 -81.0998743486064 -87.66718 41.87538 -90.51033286107955 90 90
-87.66718 41.87538 -90.51033286107955 -87.66574444444444 41.87533222222223 -93.83628539614428 90 90
-87.66574444444444 41.87533222222223 -93.83628539614428 -87.66464285714285 41.87538 -92.54321183125091 90 90
-87.66464285714285 41.87538 -92.54321183125091 -87.66335714285712 41.875417142857145 -91.64128855382071 90 79
-87.66335714285712 41.875417142857145 -91.64128855382071 -87.662125 41.87543375 -89.91825111366701 79 90
-87.662125 41.87543375 -89.91825111366701 -87.66091428571427 41.87543285714286 -88.88757796086388 90 90
-87.66091428571427 41.87543285714286 -88.88757796086388 -87.65947142857142 41.87539857142857 -87.53759911426312 90 75
-87.65947142857142 41.87539857142857 -87.53759911426312 -87.65831666666666 41.87533833333333 -87.62237509443878 75 60
-87.65831666666666 41.87533833333333 -87.62237509443878 -87.65738000000002 41.87538 -88.56681708279633 60 67
-87.65738000000002 41.87538 -88.56681708279633 -87.65696666666665 41.874962222222216 -9.232169441501014 67 39
-87.65696666666665 41.874962222222216 -9.232169441501014 -87.65684285714285 41.873867142857144 -1.3995394611412597 39 26
-87.64699065550909 41.86769230125523 2.7366121059437583 -87.64743333333334 41.867126666666664 -83.77032468193477 41 45
-87.67337194244602 41.86925688249401 88.01667850599738 -87.67367857142857 41.869865000000004 87.49900493933967 40 60
-87.67367857142857 41.869865000000004 87.49900493933967 -87.67394645308923 41.86923581235698 87.81796022979846 60 45
-87.64242121212122 41.87747484848485 179.28338758165722 -87.64253913043477 41.87842913043478 177.30742595738184 39 36
-87.66725934065934 41.87415983516483 -89.11337335231833 -87.66661111111112 41.87460333333333 -179.3132301920114 45 37
-87.66645 41.874759999999995 -140.66911299059998 -87.66574444444444 41.87533222222223 -93.83628539614428 45 90
-87.65738000000002 41.87538 -88.56681708279633 -87.655925 41.8754325 -86.63813029691981 67 60
-87.655925 41.8754325 -86.63813029691981 -87.65463333333332 41.87537 -86.04989475289081 60 60
-87.65463333333332 41.87537 -86.04989475289081 -87.653375 41.875310000000006 -86.56816810721402 60 60
-87.653375 41.875310000000006 -86.56816810721402 -87.652 41.8752375 -85.27840288140936 60 60
-87.652 41.8752375 -85.27840288140936 -87.65070000000001 41.87518 -90.26660936916153 60 60
-87.65070000000001 41.87518 -90.26660936916153 -87.64927142857141 41.87499857142858 -88.6631467947912 60 60
-87.64927142857141 41.87499857142858 -88.6631467947912 -87.6479 41.87498285714286 -86.91256323002567 60 60
-87.64777999999998 41.874776 -48.81196649826945 -87.646325 41.87456 -34.4763554909827 38 55
-87.646325 41.87456 -34.4763554909827 -87.64586666666666 41.87371 -7.254463198963248 55 56
-87.64586666666666 41.87371 -7.254463198963248 -87.64573333333333 41.872843333333336 -3.7658629623746616 56 60
-87.64573333333333 41.872843333333336 -3.7658629623746616 -87.64563333333335 41.87191333333333 -10.917959511307924 60 63
-87.64563333333335 41.87191333333333 -10.917959511307924 -87.6454 41.87099333333333 -10.987234157335541 63 63
-87.6454 41.87099333333333 -10.987234157335541 -87.64516666666667 41.87004666666667 -6.554367722993523 63 66
-87.64516666666667 41.87004666666667 -6.554367722993523 -87.64503333333333 41.86904333333333 -5.030331925760504 66 68
-87.64503333333333 41.86904333333333 -5.030331925760504 -87.6449 41.86802333333333 -4.108447909178288 68 69
-87.6449 41.86802333333333 -4.108447909178288 -87.64479999999999 41.86697 -2.6900067894161044 69 71
-87.64479999999999 41.86697 -2.6900067894161044 -87.64475 41.8658975 -2.089239613065072 71 71
-87.64475 41.8658975 -2.089239613065072 -87.64511666666665 41.86478333333333 -27.484465725221607 71 37
-87.64494375 41.86453125 2.810364977027136 -87.64466666666665 41.86365 -1.4939406448501442 48 68
-87.64466666666665 41.86365 -1.4939406448501442 -87.6446 41.8624525 -1.174137050886099 68 68
-87.68015 41.869955000000004 85.013584297 -87.68135 41.869875 84.21804625661547 28 60
-87.68135 41.869875 84.21804625661547 -87.682625 41.869765 81.66454532630864 60 39
-87.682625 41.869765 81.66454532630864 -87.68337957446808 41.869040617021284 89.21653986459953 39 40
-87.66645 41.874759999999995 -140.66911299059998 -87.66564715447154 41.874173739837396 -90.12830072337132 45 45
-87.64994695121952 41.87433482926829 -91.42280424096084 -87.64927142857141 41.87499857142858 -88.6631467947912 45 60
-87.642535 41.882063 173.70728477874076 -87.64271999999998 41.882509999999996 -139.83565783194234 53 21
-87.64271999999998 41.882509999999996 -139.83565783194234 -87.64228333333334 41.88286333333333 -143.5868038914 21 28
-87.64171666666665 41.88319333333333 -111.10100980769681 -87.6413625 41.883070000000004 -23.695571449334935 20 29
-87.64121 41.882760999999995 10.013347996021276 -87.64133333333335 41.88263333333334 -26.354683251154523 30 35
-87.64133333333335 41.88263333333334 -26.354683251154523 -87.64143333333332 41.88249777777778 130.648665075947 35 27
-87.66786250000001 41.873422500000004 -100.44504915512115 -87.668300625 41.87416225 89.468460808366 71 45
-87.65134360189573 41.869543886255926 86.51781818251115 -87.65117777777778 41.86917222222222 2.9436155549009273 45 30
-87.65088148148149 41.86390555555555 -17.649133906168174 -87.6509 41.86284 -0.4768035325456072 38 33
-87.6509 41.86284 -0.4768035325456072 -87.65074999999999 41.86235 -79.16994710665 33 15
-87.65074999999999 41.86235 -79.16994710665 -87.64985 41.86231 -90.13138498228466 15 45
-87.64985 41.86231 -90.13138498228466 -87.6487 41.8623025 -89.47435022589227 45 30
-87.6487 41.8623025 -89.47435022589227 -87.64750000000001 41.8623025 -89.81339731548255 30 40
-87.64750000000001 41.8623025 -89.81339731548255 -87.64676666666666 41.86250333333333 -178.7554834824497 40 22
-87.64676666666666 41.86250333333333 -178.7554834824497 -87.6468 41.863392 179.27946098728674 22 43
-87.6468 41.863392 179.27946098728674 -87.64677619047617 41.86446666666667 179.784194480362 43 22
-87.6679926910299 41.86927172757475 89.28829539483694 -87.66774999999998 41.8699975 177.04362050209824 45 26
-87.66774999999998 41.8699975 177.04362050209824 -87.66763333333331 41.87079333333333 -177.32965512167956 26 30
-87.66763333333331 41.87079333333333 -177.32965512167956 -87.66810000000001 41.871337999999994 99.71947086558883 30 20
-87.66810000000001 41.871337999999994 99.71947086558883 -87.66901042016806 41.871058050420174 -2.93826747772639 20 43
-87.67331111111112 41.87116888888889 -33.88273561086844 -87.67300052539404 41.87152383537653 -92.7157285902874 24 45
-87.64183750000001 41.88318 -80.88251281746486 -87.64171666666665 41.88319333333333 -111.10100980769681 30 20
-87.67363091976517 41.87150088062622 -94.49060664767107 -87.67331111111112 41.87116888888889 -33.88273561086844 30 24
-87.686139 41.8736978 -150.9487081376208 -87.68614444444444 41.87442444444444 -179.28680866759143 33 51
-87.68614444444444 41.87442444444444 -179.28680866759143 -87.68611250000001 41.87535375 -178.0782785726833 51 46
-87.64743333333334 41.867126666666664 -83.77032468193477 -87.64684482758622 41.86696068965518 -179.35020279686537 45 45
-87.6409125 41.87933625 9.436196695531924 -87.64097692307693 41.87874153846154 -2.5893555943200077 20 26
-87.671075 41.86923125 -59.719467108459895 -87.66984000000001 41.86938000000001 -88.37840753098797 32 45
-87.66984000000001 41.86938000000001 -88.37840753098797 -87.66891999999999 41.8692878 -52.004499611080206 45 22
-87.66637857142857 41.871447448979595 -179.09121457457914 -87.666075 41.8717825 -97.48456901049273 47 22
-87.666075 41.8717825 -97.48456901049273 -87.66495 41.871727500000006 -100.93299388106348 22 30
-87.66495 41.871727500000006 -100.93299388106348 -87.6642 41.872436666666665 -175.2088339694986 30 22
-87.6642 41.872436666666665 -175.2088339694986 -87.66406666666667 41.873023333333336 -133.7818817095237 22 26
-87.66406666666667 41.873023333333336 -133.7818817095237 -87.66315 41.873255 -97.27326100587587 26 45
-87.66315 41.873255 -97.27326100587587 -87.66235 41.87334 -66.23357975725001 45 30
-87.66235 41.87334 -66.23357975725001 -87.66199999999999 41.87280333333334 -4.083362712960938 30 23
-87.66199999999999 41.87280333333334 -4.083362712960938 -87.6619 41.8719875 -1.036487176688202 23 48
-87.6619 41.8719875 -1.036487176688202 -87.6619 41.870965999999996 -1.6691487226340147 48 45
-87.6619 41.870965999999996 -1.6691487226340147 -87.66186666666665 41.87011999999999 -15.571915701286631 45 37
-87.66186666666665 41.87011999999999 -15.571915701286631 -87.6616 41.869322 -2.008064511486212 37 27
-87.6616 41.869322 -2.008064511486212 -87.6616 41.868332499999994 -2.561129687811898 27 48
-87.6616 41.868332499999994 -2.561129687811898 -87.6615 41.86741333333334 -6.079283912596304 48 57
-87.6615 41.86741333333334 -6.079283912596304 -87.66109885583523 41.86688707093821 -91.3440587246708 57 60
-87.64674564459932 41.86287662020906 1.0635759017307094 -87.6466 41.86276 -97.5237567462 43 11
-87.6466 41.86276 -97.5237567462 -87.64695 41.86237465909091 89.86076458810432 11 23
-87.66856000000001 41.873011 22.650090733936132 -87.66907090909089 41.87311709090909 -0.8989044695871403 40 33
-87.64257307692309 41.87923 -177.32600072962643 -87.6428761904762 41.879290714285716 89.05777371810723 42 45
-87.64133333333335 41.88263333333334 -26.354683251154523 -87.64115 41.88225 -39.54578422879211 35 24
-87.67136 41.869729 164.77429291907288 -87.671075 41.8702875 74.70097222517951 33 35
-87.67131111111111 41.86913962962963 21.243537112955643 -87.671075 41.86923125 -59.719467108459895 34 32
-87.66822893890675 41.86692776527332 94.61548562994898 -87.66958 41.866934 90.85744415350942 45 35
-87.66958 41.866934 90.85744415350942 -87.670875 41.8669325 87.79860147777211 35 43
-87.670875 41.8669325 87.79860147777211 -87.67202 41.8669 88.41320329150324 43 45
-87.67202 41.8669 88.41320329150324 -87.6733 41.866884000000006 89.08747496736113 45 45
-87.6733 41.866884000000006 89.08747496736113 -87.67468 41.866862000000005 88.52988580276183 45 45
-87.67468 41.866862000000005 88.52988580276183 -87.67606 41.866832 88.19408874280167 45 45
-87.67606 41.866832 88.19408874280167 -87.67746000000001 41.86681 89.67595670881629 45 45
-87.67746000000001 41.86681 89.67595670881629 -87.6789 41.866788 83.78416094443321 45 45
-87.6789 41.866788 83.78416094443321 -87.6801 41.86664666666666 83.64018270020553 45 46
-87.6801 41.86664666666666 83.64018270020553 -87.6813 41.866594000000006 89.21157176640808 46 45
-87.6813 41.866594000000006 89.21157176640808 -87.68265 41.866602500000006 91.0084717126378 45 45
-87.68265 41.866602500000006 91.0084717126378 -87.683775 41.8665975 89.01974109827641 45 43
-87.683775 41.8665975 89.01974109827641 -87.68502500000001 41.8665925 95.18385631814496 43 30
-87.68502500000001 41.8665925 95.18385631814496 -87.68592500000001 41.8671775 -179.8819458001628 30 22
-87.68592500000001 41.8671775 -179.8819458001628 -87.686 41.868123999999995 179.31032548248814 22 27
-87.686 41.868123999999995 179.31032548248814 -87.68597411764708 41.86923114705883 173.71917878319283 27 27
-87.68611250000001 41.87535375 -178.0782785726833 -87.68611999999999 41.87627199999999 174.61332604763473 46 39
-87.68611999999999 41.87627199999999 174.61332604763473 -87.6862 41.87708666666666 178.49959511563515 39 30
-87.64212666666667 41.88195266666667 80.88043793045006 -87.642535 41.882063 173.70728477874076 37 53
-87.64115 41.88225 -39.54578422879211 -87.64101428571429 41.88213142857143 -11.104759137404486 24 29
-87.64101428571429 41.88213142857143 -11.104759137404486 -87.64117499999999 41.882035 74.72198434948604 29 37
-87.64117499999999 41.882035 74.72198434948604 -87.64078333333333 41.88100333333333 -8.2025291473734 37 33
-87.65128947368423 41.86847789473684 -1.149802612611197 -87.6518 41.867644 2.425559025559612 43 43
-87.6518 41.867644 2.425559025559612 -87.65157619047618 41.86705623376624 -92.81550075843272 43 45
-87.671075 41.8702875 74.70097222517951 -87.67174761904762 41.86991 104.47796217387227 35 46
-87.6689551948052 41.86922266233766 110.09360807019084 -87.66897499999999 41.86969499999999 178.3513959225024 26 31
